35 229 255 204
58 0 0 255
22 153 205 154
40 220 228 8
31 178 102 255
50 255 229 102
51 255 229 204
54 255 102 102                   
47 255 153 51
44 255 128 0
49 127 0 255
29 255 255 102
39 51 255 153
20 0 255 128
19 0 204 102
25 0 153 76
24 0 102 51                   
21 255 255 153
41 243 249 83
46 255 255 204
37 204 0 204
36 128 255 0
26 76 0 153
1 192 192 192
34 102 204 0
53 204 0 0
48 241 247 40
43 255 255 0
33 255 51 255
52 153 0 0
38 75 153 0
42 204 204 0
12 153 102 51
55 255 0 0





                



